# Produtos que o bot ja avisou. Nao edite a mao.
218422784984150016
218422304782479361
218418613346168832
218418071148490752
218417789916213249
218416779411910657
218416376922304512
218415929335541761
218415872628551680
218415768802750465
218414943770570752
218414694888960000
218414550940446721
218414437304168449
218414340491243521
218413246826475521
218411614210420737
218411199511195649
218410738628489217
218409578186207233
218409530769600512
218408887598247937
218408742634713089
218407493927497728
218407087876927488
218406578185105408
218406033667977216
218404957665423361
218404915181318144
218404089620656129
218403797432856576
218403452585570304
218402806000054272
218402696767795201
218402363572285441
218401992682565632
218401775304372225
218400246736416768
218399711610335233
218399406638297088
218398158136602625
218339008128020480
218338492681613312
218338138015461376
218336781103591425
218336444619747329
218335860294479873
